397730
473179
585951
559177
527834
529983
590320
471779
583342
589454
500428
503644
447538
586907
473830
584372
587321
583909
474087
497407
526773
452264
513917
472930
576920
473143
473243
584685
395046
387663
397430
374402
393039
339163
380092
385681
383796
386167
410645
395006
344614
379055
387879
380350
391891
366149
377916
330621
384024
384917
362816
363618
402738
366222
328063
358791
355408
352705
348440
382868
321943
386349
378574
400148
390855
393340
355597
354418
361409
388817
370241
369132
390957
383558
383493
351447
399104
354542
398026
376973
330048
371936
385503
369732
397706
351548
387173
369872
398213
398349
379866
344703
377842
377689
383302
364505
374174
373538
372518
388217
351468
353937
355446
352467
325400
401468
339882
365593
350801
385279
352319
366969
397953
397120
348808
399356
368574
380914
352465
368586
374310
372969
385074
366286
345093
351363
353813
351139
379311
385023
364484
381419
352228
353145
381877
396037
381797
388021
375883
383634
383175
383611
386067
385947
384131
117626
157132
80271
169313
163985
175920
136805
138618
159508
120135
40410
160237
180001
82160
103294
213711
108630
193355
65701
117235
100018
153549
141283
178459
164420
163512
121380
119176
112061
111070
529346
553690
498079
474085
483195
560498
518410
501701
513262
474394
458269
535778
549890
478718
517589
518583
545525
487231
462234
525176
528273
528068
488848
515384
507453
495807
509595
485285
473757
490503
493521
480245
475976
525530
482013
482568
481570
481139
542124
532120
529157
508449
476652
557335
498937
559457
524165
458187
536618
549050
519084
355906
260822
299356
277421
284133
362829
388058
353021
205173
404977
305208
330399
389106
335795
273439
312229
248456
396284
452644
444801
381746
414899
412790
349059
360213
306929
383865
320619
396459
367933
274177
280937
353419
213754
205662
336715
361938
364200
359945
294337
196304
357680
280946
390648
286746
366319
328683
370265
237128
330114
350526
279382
315499
285793
213835
149405
223716
324422
189389
188631
208344
171723
288412
175699
307044
290606
238893
304488
263113
291798
290437
237390
329811
315531
244418
330848
342986
334965
329227
304927
332123
341193
232795
326415
347677
339478
331927
339242
330325
335946
324830
330576
345528
322805
345615
334588
318427
331117
331120
341732
333143
344058
343442
335207
340091
343736
342525
343093
335800
347182
347135
333501
344673
339020
336910
332840
334964
337061
341580
318089
330264
329402
325837
335251
552113
480337
548232
525662
355678
523085
456544
562577
409424
462598
565467
485519
536136
434206
516495
464347
557378
416109
381239
510193
514463
446863
527228
450809
550328
469003
538397
507606
481514
486064
480531
554013
477846
522520
540421
426871
437718
521503
527733
493734
551970
511194
547542
562487
555343
441447
456084
503774
483224
472683
451667
499766
498811
557193
534558
524747
508860
548338
357741
299394
364591
221609
357594
245717
317976
280143
238812
268400
260305
257382
354231
355603
363218
269840
270443
316902
349185
393915
275661
251235
175278
192068
110939
221080
182605
299842
163160
298460
275565
215313
213764
262529
204134
252861
280067
214845
271186
253904
296505
243263
283987
205152
299003
294830
233925
213954
284493
271497
284997
295840
293709
293859
534397
559050
542983
403030
519071
558529
522291
452103
514623
430402
435668
540525
519235
433787
384097
419165
514179
542214
451511
417140
525725
531240
472115
499076
470023
466402
457235
394825
451470
459287
528933
541443
480621
431983
433081
413151
540348
420435
434286
419261
405094
399001
423819
437531
439550
442547
425524
398155
444851
416169
421697
428408
472380
400369
441403
454090
449898
452235
435842
446918
423552
455441
422260
430414
441795
433149
453049
393763
448200
459409
521746
541858
456848
472188
502399
556262
482484
480363
471757
545199
495378
477722
489378
538117
450880
463579
564666
555348
521899
545480
559371
500352
501621
318542
391617
316817
354788
359648
262693
370197
334561
363763
289824
380771
203977
328605
264521
251088
403613
321384
381210
394538
405161
384818
323855
365104
381182
332834
340419
232951
239059
224403
198868
119299
189392
66025
72413
102000
123398
205456
48392
155432
196601
114819
13092
50908
155720
88697
136490
174210
116817
149890
92827
93656
53249
397729
473175
585945
559171
527828
529978
590314
471773
583335
589485
500421
503639
447531
586901
473827
584366
587315
583903
474081
497401
526767
452258
513912
472926
576914
473161
473262
584678
395046
387654
397429
374378
393040
339139
380110
385664
383766
386149
410626
395007
344614
379031
387847
380349
391874
366150
377916
330621
384022
384915
362793
363595
402729
366198
328064
358768
355408
352705
348416
382878
321919
386331
378573
400140
390838
393341
355574
354394
361386
388800
370224
369133
390927
383540
383462
351447
399102
354518
398024
376956
330025
371919
385485
369709
397707
351525
387156
369871
398213
398349
379864
344680
377841
377688
383303
364482
374173
373536
372520
388218
351445
353914
355423
352440
325401
401459
339858
365591
350778
385262
352296
366946
397954
397121
348785
399355
368550
380897
352441
368630
374293
372970
385075
366263
345069
351339
353789
351115
379309
385023
364467
381418
352205
353122
381860
396038
381767
388021
375859
383610
383145
383581
386050
385930
384101
117610
157126
80271
169313
163985
175920
136799
138618
159508
120129
40410
160230
179995
82160
103294
213711
108630
193355
65701
117235
99995
153504
141242
178459
164413
163512
121374
119135
112061
111070
529347
553691
498080
474086
483196
560499
518411
501702
513263
474395
458270
535779
549891
478719
517590
518584
545525
487232
462235
525176
528273
528069
488848
515385
507454
495808
509595
485261
473758
490504
493522
480221
475976
525530
481989
482544
481546
481115
542125
532121
529157
508450
476653
557335
498938
559458
524167
458188
536619
549051
519086
355907
260823
299357
277421
284133
362830
388058
353027
205173
404978
305208
330399
389106
335796
273440
312229
248456
396285
452644
444755
381746
414900
412790
349060
360214
306929
383865
320620
396460
367934
274178
280938
353419
213755
205662
336715
361939
364200
359946
294338
196305
357681
280947
390649
286747
366319
328684
370265
237129
330114
350527
279383
315499
285770
213836
149387
223697
324399
189370
188631
208326
171704
288389
175680
307021
290607
238894
304488
263089
291775
290413
237391
329781
315513
244399
330825
343434
334933
329204
304829
332082
340836
232795
326392
347654
338880
331903
339216
330301
335916
324806
330544
345171
322781
345591
334569
318409
331099
331022
341708
333124
344033
343086
335188
340065
344178
342968
343536
335776
347586
347111
333477
344648
338995
336891
332815
334940
336963
341482
318071
330395
329379
325819
335232
552079
480331
548226
525656
355672
523078
456544
562578
409418
462592
565461
485512
536129
434206
516488
464341
557372
416109
381233
510187
514457
446857
527220
450803
550322
468996
538398
507599
481508
486057
480525
554007
477840
522521
540415
426865
437718
521497
527729
493734
551924
511189
547543
562488
555297
441447
456084
503775
483225
472684
451667
499767
498812
557147
534559
524701
508861
548339
357734
299387
364585
221603
357588
245710
317969
280137
238806
268394
260299
257376
354224
355597
363241
269834
270436
316896
349178
393909
275561
251235
175278
192068
110947
221080
182605
299842
163160
298460
275565
215313
213764
262529
204085
252861
280067
214845
271186
253904
296505
243263
283887
205152
299003
294830
233925
213954
284392
271497
284997
295840
293709
293859
534391
559044
542977
403023
519064
558522
522285
452097
514616
430395
435662
540519
519228
433780
384091
419159
514172
542208
451505
417134
525719
531233
472108
499070
470016
466395
457229
394819
451464
459281
528927
541436
480615
431976
433075
413144
540341
420436
434286
419259
405428
399002
423817
437532
439551
442548
425523
398173
444861
416179
421696
428397
472390
400370
441413
454091
449900
452245
435851
446928
423552
455441
422258
430412
441796
433150
453059
393764
448209
459419
521700
541862
456849
472189
502404
556216
482438
480363
471762
545200
495379
477723
489332
538118
450881
463533
564670
555301
521900
545480
559375
500353
501622
318535
391617
316817
354782
359648
262687
370190
334555
363763
289818
380764
203971
328599
264515
251082
403613
321378
381204
394538
405161
384818
323849
365097
381182
332828
340413
232945
239053
224397
198862
119299
189392
66020
72413
102000
123399
205456
48392
155881
196602
114819
13092
50908
155722
88697
136490
174211
116817
149871
92827
93656
53249
4475
99716
50881
110177
4999
105858
37791
4475
99716
50881
110177
4999
105858
37791
